-1.00000000 -2.00000000
0.25259472 -1.37370264
-0.06422331 0.00159580
-0.03148410 0.01865380
0.15404695 0.00236271
0.21462974 0.01367787
0.50147982 0.23112625
0.49161815 0.23880255
0.62272566 0.37157695
0.77740343 0.58926131
0.77402316 0.59858717
0.86249723 0.73593455
0.96340368 0.92307728
0.95828950 0.91785272
0.99515648 0.98937406
0.99602654 0.99210356
0.99604896 0.99209642
0.99609189 0.99223234
0.99611361 0.99222548
0.99615764 0.99236361
0.99617932 0.99235670
0.99622127 0.99248921
0.99624235 0.99248254
0.99628233 0.99260974
0.99630283 0.99260330
0.99634432 0.99273375
0.99636487 0.99272722
0.99640778 0.99286063
0.99642835 0.99285402
0.99646938 0.99298236
0.99648940 0.99297595
0.99652919 0.99310077
0.99654877 0.99309453
0.99658717 0.99321547
0.99660629 0.99320940
0.99664639 0.99333408
0.99666559 0.99332790
0.99670442 0.99344898
0.99672319 0.99344297
0.99676071 0.99356040
0.99677905 0.99355454
0.99681528 0.99366840
0.99683319 0.99366271
0.99686843 0.99377374
0.99688597 0.99376817
0.99692026 0.99387646
0.99693745 0.99387102
0.99697086 0.99397676
0.99698770 0.99397144
0.99702019 0.99407453
0.99703669 0.99406933
0.99706853 0.99417045
0.99708474 0.99416535
0.99711595 0.99426457
0.99713188 0.99425956
0.99716257 0.99435713
0.99717823 0.99435220
0.99720833 0.99444797
0.99722373 0.99444313
0.99725331 0.99453729
0.99726845 0.99453254
0.99729760 0.99462528
0.99731250 0.99462059
0.99734128 0.99471207
0.99735596 0.99470745
0.99738229 0.99479259
0.99739638 0.99478823
0.99742248 0.99487250
0.99743637 0.99486820
0.99746223 0.99495156
0.99747594 0.99494730
0.99750157 0.99502980
0.99751510 0.99502560
0.99753852 0.99510232
0.99755150 0.99509835
0.99757478 0.99517447
0.99758761 0.99517055
0.99761072 0.99524597
0.99762338 0.99524209
0.99764651 0.99531728
0.99765905 0.99531342
0.99768210 0.99538815
0.99769451 0.99538432
0.99771756 0.99545879
0.99772984 0.99545499
0.99775281 0.99552900
0.99776496 0.99552523
0.99778625 0.99559479
0.99779796 0.99559121
0.99781930 0.99566066
0.99783090 0.99565709
0.99785231 0.99572647
0.99786381 0.99572292
0.99788534 0.99579235
0.99789675 0.99578881
0.99791841 0.99585832
0.99792974 0.99585479
0.99794983 0.99592016
0.99796075 0.99591681
0.99798088 0.99598205
0.99799170 0.99597872
0.99801191 0.99604393
0.99802263 0.99604060
0.99804155 0.99610238
0.99805193 0.99609920
0.99806966 0.99615778
0.99807970 0.99615474
0.99809764 0.99621366
0.99810763 0.99621062
0.99812564 0.99626951
0.99813555 0.99626648
0.99815370 0.99632550
0.99816354 0.99632248
0.99818187 0.99638174
0.99819165 0.99637872
0.99821011 0.99643809
0.99821981 0.99643508
0.99823844 0.99649466
0.99824808 0.99649165
0.99826684 0.99655133
0.99827640 0.99654832
0.99829551 0.99660863
0.99830503 0.99660561
0.99832452 0.99666663
0.99833401 0.99666359
0.99835379 0.99672509
0.99836322 0.99672205
0.99838341 0.99678431
0.99839280 0.99678127
0.99841323 0.99684384
0.99842255 0.99684080
0.99844178 0.99690024
0.99845080 0.99689732
0.99847035 0.99695731
0.99847931 0.99695438
0.99849928 0.99701516
0.99850821 0.99701223
0.99852861 0.99707379
0.99853750 0.99707085
0.99855821 0.99713293
0.99856704 0.99712998
0.99858823 0.99719295
0.99859702 0.99718999
0.99861704 0.99724991
0.99862554 0.99724707
0.99864618 0.99730822
0.99865466 0.99730536
0.99867403 0.99736322
0.99868220 0.99736048
0.99870221 0.99741963
0.99871037 0.99741688
0.99873078 0.99747674
0.99873889 0.99747397
0.99875818 0.99753093
0.99876602 0.99752828
0.99878407 0.99758202
0.99879160 0.99757949
0.99880870 0.99763073
0.99881599 0.99762830
0.99883211 0.99767701
0.99883916 0.99767467
0.99885565 0.99772408
0.99886266 0.99772174
0.99887969 0.99777223
0.99888670 0.99776987
0.99890425 0.99782139
0.99891124 0.99781901
